26 26 26 26 26 26 26 26 
26 26 26 26 26 26 26 26 
26 26 26 26 26 26 26 26 
26 26 26 26 26 26 26 26 
26 26 26 26 26 26 26 26 
26 26 26 26 26 26 26 26 
26 26 26 26 26 26 26 26 
26 26 26 26 26 26 26 26 
26 26 26 26 26 26 26 26 
26 26 26 26 26 26 26 26 
26 26 26 26 26 26 26 26 
26 26 26 26 26 26 26 26 
26 26 26 26 26 26 26 26 
26 26 26 26 26 26 26 26 
26 26 26 26 26 26 26 26 
26 26 26 26 26 26 26 26 
27 27 27 27 27 27 27 27 
27 27 27 27 27 27 27 27 
27 27 27 27 27 27 27 27 
27 27 27 27 27 27 27 27 
27 27 27 27 27 27 27 27 
27 27 27 27 27 27 27 27 
27 27 27 27 27 27 27 27 
27 27 27 27 27 27 27 27 
27 27 27 27 27 27 27 27 
27 27 27 27 27 27 27 27 
27 27 27 27 27 27 27 27 
27 27 27 27 27 27 27 27 
27 27 27 27 27 27 27 27 
27 27 27 27 27 27 27 27 
27 27 27 27 27 27 27 27 
27 27 27 27 27 27 27 27 
27 27 27 27 27 27 27 27 
27 27 27 27 27 27 27 27 
27 27 27 27 27 27 27 27 
27 27 27 27 27 27 27 27 
27 27 27 27 27 27 27 27 
27 27 27 27 27 27 27 27 
27 27 27 27 27 27 27 27 
27 27 27 27 27 27 27 27 
27 27 27 27 27 27 27 27 
27 27 27 27 27 27 27 27 
27 27 27 27 27 27 27 27 
27 27 27 27 27 27 27 27 
27 27 27 27 27 27 27 27 
27 27 27 27 27 27 27 27 
27 27 27 27 27 27 27 27 
27 27 27 27 27 27 27 27 
26 27 27 26 26 26 26 26 
27 27 27 26 26 26 26 26 
27 27 27 26 26 26 26 26 
27 27 27 27 26 26 26 26 
27 27 27 27 27 27 27 27 
27 27 27 27 27 27 27 27 
27 27 27 27 27 27 27 27 
27 27 27 27 27 27 27 27 
26 27 27 26 26 27 26 26 
26 26 27 27 26 26 26 26 
26 26 27 27 26 26 26 26 
26 26 26 27 26 26 26 26 
26 26 26 26 26 26 26 26 
26 26 26 26 26 26 26 26 
26 26 26 26 26 26 26 26 
26 27 27 26 26 26 26 26 
26 26 26 26 27 27 27 27 
26 26 26 26 27 27 27 27 
26 26 26 26 27 27 27 27 
26 26 26 26 27 27 27 27 
26 26 26 27 27 27 27 27 
26 27 27 27 27 27 27 27 
27 27 27 27 27 27 27 27 
27 27 27 27 27 27 27 27 
26 26 26 26 26 26 26 27 
26 26 26 26 26 26 26 27 
26 26 26 26 26 26 26 26 
26 26 26 26 26 26 26 26 
26 26 26 26 26 26 26 26 
26 26 26 26 26 26 26 26 
26 26 26 26 26 26 26 26 
26 26 26 26 26 26 26 26 
26 27 27 27 27 27 27 27 
26 27 27 27 27 27 27 27 
26 26 27 27 27 27 27 27 
26 26 26 27 27 27 27 27 
26 26 26 26 27 27 27 27 
26 26 26 26 26 26 27 27 
26 26 26 26 26 26 27 27 
26 26 26 26 26 26 26 27 
27 27 27 27 27 27 27 27 
27 27 27 27 27 27 27 27 
27 27 27 27 27 27 27 27 
27 27 27 27 27 27 27 27 
27 27 27 27 27 27 27 27 
27 27 27 27 27 27 27 27 
27 27 27 27 27 27 27 27 
26 26 27 27 27 27 27 27 
27 27 27 27 27 27 27 27 
27 27 27 27 27 27 27 27 
27 27 27 27 27 27 27 27 
27 27 27 27 27 27 27 27 
27 27 27 27 27 27 27 27 
27 27 27 27 27 27 27 27 
27 27 27 27 27 27 27 27 
27 27 27 27 27 27 27 27 
27 27 27 27 27 27 27 27 
27 27 27 27 27 27 27 27 
27 27 27 27 27 27 27 27 
27 27 27 27 27 27 27 27 
27 27 27 27 27 27 27 27 
27 27 27 27 27 27 27 27 
27 27 27 27 27 27 27 27 
27 27 27 27 27 27 27 26 
26 26 26 26 26 26 26 26 
26 26 26 26 26 26 26 26 
26 26 26 26 26 26 26 26 
26 26 26 26 26 26 26 26 
26 26 26 26 26 26 26 26 
26 26 26 26 26 26 26 26 
26 26 26 26 26 26 26 26 
26 26 26 26 26 26 26 26 
26 26 26 26 26 26 26 26 
26 26 26 26 26 26 26 26 
26 26 26 26 26 26 26 26 
26 26 26 26 26 26 26 26 
26 26 26 26 26 26 26 26 
26 26 26 26 26 26 26 26 
26 26 26 26 26 26 26 26 
26 26 26 26 26 26 26 26 
26 26 26 26 26 26 26 26 
26 26 26 26 26 26 26 26 
26 26 26 26 26 26 26 26 
26 26 26 26 26 26 26 26 
26 26 26 26 26 26 26 26 
26 26 26 26 26 26 26 26 
26 26 26 26 26 26 26 26 
26 26 26 26 26 26 26 26 
26 26 26 26 26 26 26 26 
26 26 26 26 26 26 26 26 
26 26 26 26 26 26 26 26 
26 26 26 26 26 26 26 26 
26 26 26 26 26 26 26 26 
26 26 26 26 26 26 26 26 
26 26 26 26 26 26 26 26 
26 26 26 26 26 26 26 26 
26 26 26 26 26 26 26 26 
26 26 26 26 26 26 26 26 
26 26 26 26 26 26 26 26 
26 26 26 26 26 26 26 26 
26 26 26 26 26 26 26 26 
26 26 26 26 26 26 26 26 
26 26 26 26 26 26 26 26 
26 26 26 26 26 26 26 26 
26 26 26 26 26 26 26 26 
26 26 26 26 26 26 26 26 
26 26 26 26 26 26 26 26 
26 26 26 26 26 26 26 26 
26 26 26 26 26 26 26 26 
26 26 26 26 26 26 26 26 
26 26 26 26 26 26 26 26 
26 26 26 26 26 26 26 26 
26 26 26 26 26 26 26 26 
26 26 26 26 26 26 26 26 
27 27 27 27 27 27 27 27 
27 27 27 27 27 27 27 27 
27 27 27 27 27 27 27 27 
27 27 27 27 27 27 27 27 
27 27 27 27 27 27 27 27 
27 27 27 27 27 27 27 27 
27 27 27 27 27 27 27 27 
27 27 27 27 27 27 27 27 
27 27 27 27 27 27 27 27 
27 27 27 27 27 27 27 27 
27 27 27 27 27 27 27 27 
27 27 27 27 27 27 27 27 
27 27 27 27 27 27 27 27 
27 27 27 27 27 27 27 27 
27 27 27 27 27 27 26 26 
27 27 27 27 27 26 26 26 
27 27 27 26 26 26 26 26 
27 26 26 26 26 26 26 26 
27 26 26 26 26 26 26 26 
27 26 26 26 26 26 26 26 
27 26 26 26 26 26 26 26 
27 27 26 26 26 26 26 26 
26 26 26 26 26 26 26 26 
26 26 26 26 26 26 26 26 
26 26 26 26 26 26 26 26 
26 26 26 26 26 26 26 26 
27 26 26 26 26 26 26 26 
27 27 26 26 26 26 26 26 
26 27 27 26 26 26 26 26 
26 27 27 27 26 26 26 26 
27 27 27 27 27 27 27 27 
27 27 27 27 27 27 27 27 
27 27 27 27 27 27 27 27 
27 27 27 27 27 27 27 27 
27 27 27 27 27 27 27 27 
27 27 27 27 27 27 27 27 
27 27 27 27 27 27 27 27 
27 27 27 27 27 27 27 27 
27 27 27 27 27 27 27 27 
27 27 27 27 27 27 27 27 
27 27 27 27 27 27 27 27 
27 27 27 27 27 27 27 27 
27 27 27 27 27 27 27 27 
27 27 27 27 27 27 27 27 
27 27 27 27 27 27 27 27 
27 27 27 27 27 27 27 27 
27 27 27 27 27 27 27 27 
27 27 27 27 27 27 27 27 
27 27 27 27 27 27 27 27 
27 27 27 27 27 27 27 27 
27 27 27 27 27 27 27 27 
27 27 27 27 27 27 27 27 
27 27 27 27 27 27 27 27 
27 27 27 27 27 27 27 27 
27 27 27 27 27 27 27 27 
27 27 27 27 27 27 27 27 
27 27 27 27 27 27 27 27 
27 27 27 27 27 27 27 27 
27 27 27 27 27 27 27 27 
27 27 27 27 27 27 27 27 
27 27 27 27 27 27 27 27 
26 27 27 27 27 27 27 27 
26 26 26 26 26 26 26 26 
26 26 26 26 26 26 26 26 
26 26 26 26 26 26 27 27 
27 27 27 27 27 27 27 27 
27 27 27 27 27 27 27 27 
27 27 27 27 27 27 27 27 
27 27 27 27 27 27 27 27 
27 27 27 27 27 27 27 27 
26 26 26 26 26 26 26 26 
26 26 26 26 26 26 26 26 
26 26 26 26 26 26 26 26 
26 26 26 26 26 26 26 26 
26 26 26 26 26 26 26 26 
26 26 26 26 26 26 26 26 
26 26 26 26 26 26 26 26 
26 26 26 26 26 26 26 26 
26 26 26 26 26 26 26 26 
26 26 26 26 26 26 26 26 
26 26 26 26 26 26 26 26 
26 26 26 26 26 26 26 26 
26 26 26 26 26 26 26 26 
26 26 26 26 26 26 26 26 
26 26 26 26 26 26 26 26 
26 26 26 26 26 26 26 26 
26 26 26 26 26 26 26 26 
26 26 26 26 26 26 26 26 
26 26 26 26 26 26 26 26 
26 26 26 26 26 26 26 26 
26 26 26 26 26 26 26 26 
26 26 26 26 26 26 26 26 
26 26 26 26 26 26 26 26 
26 26 26 26 26 26 26 26 
26 26 26 26 26 26 26 26 
26 26 26 26 26 26 26 26 
26 26 26 26 26 26 26 26 
26 26 26 26 26 26 26 26 
26 26 26 26 26 26 26 26 
26 26 26 26 26 26 26 26 
26 26 26 26 26 26 26 27 
26 26 26 26 26 27 27 27 
26 26 26 26 26 27 27 27 
26 26 26 26 26 27 27 27 
27 26 26 26 26 26 27 27 
27 26 26 26 26 26 27 27 
27 26 26 26 26 26 27 27 
27 27 26 26 26 27 27 27 
27 27 27 27 27 27 27 27 
27 27 27 27 27 27 27 27 
26 26 26 26 26 26 26 26 
26 26 26 26 26 26 26 26 
26 26 26 26 26 26 26 26 
26 26 26 26 26 26 26 26 
26 26 26 26 26 26 26 26 
26 26 26 26 26 26 26 26 
26 26 26 26 26 26 26 26 
26 26 26 26 26 26 26 26 
26 26 26 26 26 26 26 26 
26 26 26 26 26 26 26 26 
26 26 26 26 26 26 26 26 
26 26 26 26 26 26 26 26 
26 26 26 26 26 26 26 26 
26 26 26 26 26 26 26 26 
26 26 26 26 26 26 26 26 
26 26 26 26 26 26 26 26 
26 26 26 26 26 26 26 26 
26 26 26 26 26 26 26 26 
26 26 26 26 26 26 26 26 
26 26 26 26 26 26 26 26 
26 26 26 26 26 26 26 26 
26 26 26 26 26 26 26 26 
26 26 26 26 26 26 26 26 
26 26 26 26 26 26 26 26 
26 26 26 26 26 26 26 26 
26 26 26 26 26 26 26 26 
26 26 26 26 26 26 26 26 
26 26 26 26 26 26 26 26 
26 26 26 26 26 26 26 26 
26 26 26 26 26 26 26 26 
26 26 26 26 26 26 26 26 
26 26 26 26 26 26 26 26 
26 26 26 26 26 26 26 26 
26 26 26 26 26 26 26 26 
26 26 26 26 26 26 26 26 
26 26 26 26 26 26 26 26 
26 26 26 26 26 26 26 26 
26 26 26 26 26 26 26 26 
26 26 26 26 26 26 26 26 
26 26 26 26 26 26 26 26 
26 26 26 26 26 26 26 26 
26 26 26 26 26 26 26 26 
26 26 26 26 26 26 26 26 
26 26 26 26 26 26 26 26 
26 26 26 26 26 26 26 26 
26 26 26 26 26 26 26 26 
26 26 26 26 26 26 26 26 
26 26 26 26 26 26 26 26 
26 26 26 26 26 26 26 26 
26 26 26 26 26 26 26 26 
26 26 26 26 26 26 26 26 
26 26 26 26 26 26 26 26 
26 26 26 26 26 26 26 26 
26 26 26 26 26 26 26 26 
26 26 26 26 26 26 26 26 
26 26 26 26 26 26 26 26 
26 26 26 26 26 26 26 26 
26 26 26 26 26 26 26 26 
26 26 26 26 26 26 26 26 
26 26 26 26 26 26 26 26 
26 26 26 26 26 26 26 26 
26 26 26 26 26 26 26 26 
26 26 26 26 26 26 26 26 
26 26 26 26 26 26 26 26 
26 26 26 26 26 26 26 26 
26 26 26 26 26 26 26 26 
26 26 26 26 26 26 26 26 
26 26 26 26 26 26 26 26 
26 26 26 26 26 26 26 26 
26 26 26 26 26 26 26 26 
26 26 26 26 26 26 26 26 
26 26 26 26 26 26 26 26 
26 26 26 26 26 26 26 26 
26 26 26 26 26 26 26 26 
26 26 26 26 26 26 26 26 
26 26 26 26 26 26 26 26 
26 26 26 26 26 26 26 26 
26 26 26 26 26 26 26 26 
26 26 26 26 26 26 26 26 
26 26 26 26 26 26 26 26 
26 26 26 26 26 26 26 26 
26 26 26 26 26 26 26 26 
26 26 26 26 26 26 26 26 
26 26 26 26 26 26 26 26 
26 26 26 26 26 26 26 26 
26 26 26 26 26 26 26 26 
26 26 26 26 26 26 26 26 
26 26 26 26 26 26 26 26 
26 26 26 26 26 26 26 26 
26 26 26 26 26 26 26 26 
26 26 26 26 26 26 26 26 
26 26 26 26 26 26 26 26 
26 26 26 26 26 26 26 26 
26 26 26 26 26 26 26 26 
26 26 26 26 26 26 26 26 
26 26 26 26 26 26 26 26 
26 26 26 26 26 26 26 26 
26 26 26 26 26 26 26 26 
26 26 26 26 26 26 26 26 
26 26 26 26 26 26 26 26 
26 26 26 26 26 26 26 26 
26 26 26 26 26 26 26 26 
26 26 26 26 26 26 26 26 
26 26 26 26 26 26 26 26 
26 26 26 26 26 26 26 26 
26 26 26 26 26 26 26 26 
26 26 26 26 26 26 26 26 
26 26 26 26 26 26 26 26 
26 26 26 26 26 26 26 26 
26 26 26 26 26 26 26 26 
26 26 26 26 26 26 26 26 
26 26 26 26 26 26 26 26 
26 26 26 26 26 26 26 26 
26 26 26 26 26 26 26 26 
26 26 26 26 26 26 26 26 
26 26 26 26 26 26 26 26 
26 26 26 26 26 26 26 26 
26 26 26 26 26 26 26 26 
26 26 26 26 26 26 26 26 
26 26 26 26 26 26 26 26 
26 26 26 26 26 26 26 26 
26 26 26 26 26 26 26 26 
26 26 26 26 26 26 26 26 
26 26 26 26 26 26 26 26 
27 26 26 26 26 26 26 26 
27 27 26 26 26 26 26 26 
27 27 27 27 26 26 26 26 
27 27 27 27 27 26 26 26 
27 27 27 27 27 27 27 27 
27 27 27 27 27 27 27 27 
27 27 27 27 27 27 27 27 
27 27 27 27 27 27 27 27 
27 27 27 27 27 27 27 27 
27 27 27 27 27 27 27 27 
27 27 27 27 27 27 27 27 
27 27 27 27 27 27 27 27 
27 26 26 27 27 27 27 27 
27 27 27 27 27 27 27 27 
27 27 27 27 27 27 27 27 
27 27 27 27 27 27 27 27 
27 27 27 27 27 27 27 27 
27 27 27 27 27 27 27 27 
27 27 27 27 27 27 27 27 
27 27 27 27 27 27 27 27 
26 26 26 26 26 26 27 27 
26 26 26 26 26 27 27 27 
26 26 27 27 27 27 27 27 
26 27 27 27 27 27 27 27 
27 27 27 27 27 27 27 27 
27 27 27 27 27 27 27 27 
27 27 27 27 27 27 27 27 
27 27 27 27 27 27 27 27 
26 26 26 26 26 26 26 26 
26 26 26 26 26 26 26 26 
26 26 26 26 26 26 26 26 
26 26 26 26 26 26 26 27 
26 26 26 26 26 26 26 27 
26 26 26 26 26 26 26 27 
26 26 26 26 26 26 27 27 
26 26 26 27 27 27 27 27 
26 26 26 26 26 26 26 26 
27 27 26 26 26 26 26 26 
27 27 27 27 27 26 26 26 
27 27 27 27 27 27 27 27 
27 27 27 27 27 27 27 27 
27 27 27 27 27 27 27 27 
27 27 27 27 27 27 27 27 
27 27 27 27 27 27 27 27 
26 26 26 26 26 26 26 26 
26 26 26 26 26 26 26 26 
26 26 26 26 26 26 26 26 
26 26 26 26 26 26 26 26 
26 26 26 26 26 26 26 26 
26 26 26 26 26 26 26 26 
26 26 26 26 26 26 26 26 
26 26 26 27 26 26 26 26 
27 27 27 27 27 27 27 27 
27 27 27 27 27 27 27 27 
27 27 27 27 27 27 27 27 
27 27 27 27 27 27 27 27 
27 27 27 27 27 27 27 27 
27 27 27 27 27 27 27 27 
27 27 27 27 27 27 27 27 
27 27 27 27 27 27 27 27 
27 27 27 27 27 27 27 27 
27 27 27 27 27 27 27 27 
27 27 27 27 27 27 27 27 
27 27 27 27 27 27 27 27 
27 27 27 27 27 27 27 27 
27 27 27 27 27 27 27 27 
27 27 27 27 27 27 27 27 
27 27 27 27 27 27 27 27 
27 27 27 27 27 27 27 27 
27 27 27 27 27 27 27 27 
27 27 27 27 27 27 27 27 
27 27 27 27 27 27 27 27 
27 27 27 27 27 27 27 27 
27 27 27 27 27 27 27 27 
27 27 27 27 27 27 27 27 
27 27 27 27 27 27 27 27 
26 27 27 27 26 26 26 26 
27 27 27 27 27 27 27 27 
27 27 27 27 27 27 27 27 
27 27 27 27 27 27 27 27 
27 27 27 27 27 27 27 27 
27 27 27 27 27 27 27 27 
27 27 27 27 27 27 27 27 
27 27 27 27 27 27 27 27 
26 26 27 27 27 26 26 26 
26 26 27 27 27 27 26 26 
26 27 27 27 27 27 27 27 
27 27 27 27 27 27 27 27 
27 27 27 27 27 27 27 27 
27 27 27 27 27 27 27 26 
27 27 27 27 27 27 27 27 
27 27 27 27 27 27 27 27 
26 26 26 26 26 26 26 26 
26 26 26 26 25 26 26 26 
26 26 26 26 25 26 26 25 
26 26 26 25 25 25 25 25 
26 26 26 25 25 25 25 24 
26 26 26 25 25 25 24 23 
26 26 26 25 25 24 23 22 
26 26 26 25 24 24 23 22 
27 27 27 27 27 27 27 27 
27 27 27 27 27 27 27 27 
27 27 27 27 27 27 27 27 
27 27 27 27 27 27 27 27 
27 27 27 27 27 27 27 27 
27 27 27 27 27 27 27 27 
27 27 27 27 27 27 27 27 
27 27 27 27 27 27 27 27 
27 27 27 27 27 27 27 27 
27 27 27 27 27 27 27 27 
27 27 27 27 27 27 27 27 
27 27 27 27 27 27 27 27 
27 27 27 27 27 27 27 27 
27 27 27 27 27 27 27 27 
27 27 27 27 27 27 27 27 
27 27 27 27 27 27 27 27 
27 27 27 27 27 27 27 27 
27 27 27 27 27 27 27 27 
27 27 27 27 27 27 27 27 
27 27 27 27 27 27 27 27 
27 27 27 27 27 27 27 27 
27 27 27 27 27 27 27 27 
27 27 27 27 27 27 27 27 
27 27 27 27 27 27 27 27 
26 26 26 27 27 27 27 27 
27 27 27 27 27 27 27 27 
27 27 27 27 27 27 27 27 
27 27 27 27 27 27 27 27 
27 27 27 27 27 27 27 27 
27 27 27 27 27 27 27 27 
27 27 27 27 27 27 27 27 
27 27 27 27 27 27 27 27 
27 27 26 27 27 27 27 27 
26 26 26 27 27 27 27 27 
26 26 26 27 27 27 27 27 
27 27 27 27 27 27 27 27 
26 27 27 27 27 27 27 27 
27 27 27 27 27 27 27 26 
27 27 27 27 27 27 27 26 
27 27 27 27 27 27 27 27 
24 25 26 26 26 26 26 26 
25 25 25 26 26 26 26 26 
25 25 25 25 26 26 26 26 
26 25 25 26 26 26 26 26 
25 25 26 26 26 26 26 26 
26 26 27 26 26 26 26 26 
26 27 26 26 27 26 26 26 
26 26 26 27 26 26 26 26 
27 27 27 27 27 27 27 27 
27 27 27 27 27 27 27 27 
27 27 27 27 27 27 27 27 
27 27 27 27 27 27 27 27 
27 27 27 27 27 27 27 27 
27 27 27 27 27 27 27 27 
27 27 27 27 27 27 27 27 
27 27 27 27 27 27 27 27 
27 27 27 27 27 27 27 27 
27 27 27 27 27 27 27 27 
27 27 27 27 27 27 27 27 
27 27 27 27 27 27 27 27 
27 27 27 27 27 27 27 27 
27 27 27 27 27 27 27 27 
27 27 27 27 27 27 27 27 
27 27 27 27 27 27 27 27 
27 27 27 27 27 27 27 27 
27 27 27 27 27 27 27 27 
27 27 27 27 27 27 27 27 
27 27 27 27 27 27 27 27 
27 27 27 27 27 27 27 27 
27 27 27 27 27 27 27 27 
27 27 27 27 27 27 27 27 
27 27 27 27 27 27 27 27 
27 27 27 27 27 27 26 25 
27 27 27 27 27 26 26 25 
27 27 27 27 27 26 26 25 
27 27 27 27 27 26 26 25 
27 27 27 27 27 26 26 25 
27 27 27 27 27 26 26 26 
27 27 27 27 27 27 26 26 
27 27 27 27 27 27 26 26 
27 27 27 26 26 25 25 26 
27 27 26 26 25 25 25 26 
27 27 26 26 25 25 26 26 
27 27 26 26 26 26 26 26 
27 27 26 26 26 26 26 26 
27 27 26 26 26 26 26 26 
27 27 27 26 26 26 26 26 
27 27 27 26 26 26 26 26 
26 26 26 26 26 26 26 26 
26 26 26 26 26 26 26 26 
26 26 26 26 26 26 26 26 
26 26 26 26 26 26 26 26 
26 26 26 26 26 26 26 26 
26 26 26 26 26 26 26 25 
26 26 25 25 25 25 25 25 
26 25 25 25 25 25 25 24 
27 27 27 27 27 27 27 27 
27 27 27 27 27 27 27 27 
27 27 27 27 27 27 27 27 
27 27 27 27 27 27 27 27 
27 27 27 27 27 27 27 27 
27 27 27 27 27 27 27 27 
27 27 27 27 27 27 27 27 
27 27 27 27 27 27 27 27 
27 27 27 27 27 27 27 27 
27 27 27 27 27 27 27 27 
27 27 27 27 27 27 27 27 
27 27 27 27 27 27 27 27 
27 27 27 27 27 27 27 27 
27 27 27 27 27 27 27 27 
27 27 27 27 27 27 27 27 
27 27 27 27 27 27 27 27 
27 27 27 27 27 27 27 27 
27 27 27 27 27 27 27 27 
27 27 27 27 27 27 27 27 
27 27 27 27 27 27 27 27 
27 27 27 27 27 27 27 27 
27 27 27 27 27 27 27 27 
27 27 27 27 27 27 27 27 
27 27 27 27 27 27 27 27 
27 27 27 27 27 27 27 27 
27 27 27 27 27 27 27 27 
27 27 27 27 27 27 27 27 
27 27 27 27 27 27 27 27 
27 27 27 27 27 27 27 27 
27 27 27 27 27 27 27 27 
27 27 27 27 27 27 27 27 
27 27 27 27 27 27 27 27 
27 27 27 27 27 27 27 27 
27 27 27 27 27 27 27 27 
27 27 27 27 27 27 27 27 
27 27 27 27 27 27 27 27 
27 27 27 27 27 27 27 27 
27 27 27 27 27 27 27 27 
27 27 27 27 27 27 27 27 
27 27 27 27 27 27 27 27 
27 27 27 27 27 27 27 27 
27 27 27 27 27 27 27 27 
27 27 27 27 27 27 27 27 
27 27 27 27 27 27 27 27 
27 27 27 27 27 27 27 27 
27 27 27 27 27 27 27 27 
27 27 27 27 27 27 27 27 
27 27 27 27 27 27 27 27 
27 27 27 27 27 27 27 27 
27 27 27 27 27 27 27 27 
27 27 27 27 27 27 27 27 
27 27 27 27 27 27 27 27 
27 27 27 27 27 27 27 27 
27 27 27 27 27 27 27 27 
27 27 27 27 27 27 27 27 
27 27 27 27 27 27 27 27 
27 27 27 27 27 27 27 27 
27 27 27 27 27 27 27 27 
27 27 27 27 27 27 27 27 
27 27 27 27 27 27 27 27 
27 27 27 27 27 27 27 27 
27 27 27 27 27 27 27 27 
27 27 27 27 27 27 27 27 
27 27 27 27 27 27 27 27 
27 27 27 27 27 27 27 27 
27 27 27 27 27 27 27 27 
27 27 27 27 27 27 27 27 
27 27 27 27 27 27 27 27 
27 27 27 27 27 27 27 27 
27 27 27 27 27 27 27 27 
27 27 27 27 27 27 27 27 
27 27 27 27 27 27 27 27 
27 27 27 27 27 27 27 27 
27 27 27 27 27 27 27 27 
27 27 27 27 27 27 27 27 
27 27 27 27 27 27 27 27 
27 27 27 27 27 27 27 27 
27 27 27 27 27 27 27 27 
27 27 27 27 27 27 27 27 
27 27 27 27 27 27 27 27 
27 27 27 27 27 27 26 26 
27 27 27 27 27 27 27 27 
27 27 27 27 27 27 27 27 
27 27 27 27 27 27 27 27 
27 27 27 27 27 27 27 27 
27 27 27 27 27 27 27 27 
27 27 27 27 27 27 27 27 
27 27 27 27 27 27 27 27 
26 26 26 26 26 26 26 26 
26 26 26 26 26 26 26 26 
26 26 26 26 26 26 26 26 
26 26 26 26 27 27 27 27 
26 26 26 27 27 27 27 27 
26 27 27 27 27 27 27 27 
26 27 27 27 27 27 27 27 
26 26 27 27 27 27 27 27 
27 27 27 26 26 26 26 26 
27 26 26 26 26 26 26 26 
27 26 26 26 26 26 26 27 
27 27 27 26 26 26 27 27 
27 27 27 27 27 27 27 27 
27 27 27 27 27 27 27 27 
27 27 27 27 27 27 27 27 
27 27 27 27 27 27 27 27 
26 26 25 25 24 25 25 26 
26 26 26 25 25 25 25 26 
26 26 26 26 25 25 25 26 
26 26 26 26 26 25 26 26 
26 26 26 26 26 26 26 26 
26 26 26 26 26 26 26 26 
27 26 26 26 26 26 26 26 
27 27 27 27 26 26 26 26 
26 26 25 25 24 24 24 24 
26 26 25 25 24 24 24 24 
26 26 26 25 25 24 24 24 
26 26 26 25 25 25 24 24 
26 26 26 26 25 25 25 25 
26 26 26 26 25 25 25 25 
26 26 26 26 26 25 25 25 
26 26 26 26 26 26 26 26 
26 26 26 26 25 25 24 24 
26 26 26 25 25 25 25 24 
26 26 26 25 25 25 25 24 
26 26 26 25 25 25 25 25 
26 26 26 26 25 25 25 25 
26 26 26 26 25 25 25 25 
26 26 26 26 25 25 25 25 
26 26 26 26 26 25 25 25 
27 26 26 26 26 25 25 25 
26 26 26 26 26 25 25 25 
26 26 26 26 26 26 25 25 
26 26 26 26 26 25 25 25 
26 26 26 26 25 25 25 25 
26 26 26 26 25 25 25 25 
26 26 26 26 25 25 25 25 
26 26 26 26 26 25 25 25 
26 26 26 26 26 26 26 26 
26 26 26 26 26 26 26 25 
26 26 26 26 26 26 25 25 
26 26 26 26 26 26 25 26 
26 26 26 26 26 26 26 25 
26 26 26 26 26 26 25 25 
26 26 26 26 26 25 25 25 
26 26 26 26 25 25 25 25 
27 27 27 27 27 27 27 27 
27 27 27 27 27 27 27 27 
27 27 27 27 27 27 27 27 
27 27 27 27 27 27 27 27 
27 27 27 27 27 27 27 27 
27 27 27 27 27 27 27 27 
27 27 27 27 27 27 27 27 
27 27 27 27 27 27 27 27 
27 27 27 27 27 27 27 27 
27 27 27 27 27 27 27 27 
27 27 27 27 27 27 27 27 
27 27 27 27 27 27 27 27 
27 27 27 27 27 27 27 27 
27 27 27 27 27 27 27 27 
27 27 27 27 27 27 27 27 
27 27 27 27 27 27 27 27 
27 27 27 27 27 27 27 27 
27 27 27 27 27 27 27 27 
27 27 27 27 27 27 27 27 
27 27 27 27 27 27 27 27 
27 27 27 27 27 27 27 27 
27 27 27 27 27 27 27 27 
27 27 27 27 27 27 27 27 
27 27 27 27 27 27 27 27 
27 27 27 27 27 27 27 27 
27 27 27 27 27 27 27 27 
27 27 27 27 27 27 27 27 
27 27 27 27 27 27 27 27 
27 27 27 27 27 27 27 27 
27 27 27 27 27 27 27 27 
27 27 27 27 27 27 27 27 
27 27 27 27 27 27 27 27 
27 27 27 27 27 27 27 27 
27 27 27 27 27 27 27 27 
27 27 27 27 27 27 27 27 
27 27 27 27 27 27 27 27 
27 27 27 27 27 27 27 27 
27 27 27 27 27 27 27 27 
27 27 27 27 27 27 27 27 
27 27 27 27 27 27 27 27 
27 27 27 27 27 27 27 27 
27 27 27 27 27 27 27 27 
27 27 27 27 27 27 27 27 
27 27 27 27 27 27 27 27 
27 27 27 27 27 27 27 27 
27 27 27 27 27 27 27 27 
27 27 27 27 27 27 27 27 
27 27 27 27 27 27 27 27 
27 27 27 27 27 27 27 27 
27 27 27 27 27 27 27 27 
27 27 27 27 27 27 27 27 
27 27 27 27 27 27 27 27 
27 27 27 27 27 27 27 27 
27 27 27 27 27 27 27 27 
27 27 27 27 27 27 27 27 
27 27 27 27 27 27 27 27 
27 27 27 27 27 27 27 27 
27 27 27 27 27 27 27 27 
27 27 27 27 27 27 27 27 
27 27 27 27 27 27 27 27 
27 27 27 27 27 27 27 27 
27 27 27 27 27 27 27 27 
27 27 27 27 27 27 27 27 
27 27 27 27 27 27 27 27 
27 27 27 27 27 27 27 27 
27 27 27 27 27 27 27 27 
27 27 27 27 27 27 27 27 
27 27 27 27 27 27 27 27 
27 27 27 27 27 27 27 27 
27 27 27 27 27 27 27 27 
27 27 27 27 27 27 27 27 
27 27 27 27 27 27 27 27 
27 27 27 27 27 27 27 27 
27 27 27 27 27 27 27 27 
27 27 27 27 27 27 27 27 
27 27 27 27 27 27 27 27 
27 27 27 27 27 27 27 27 
27 27 27 27 27 27 27 27 
27 27 27 27 27 27 27 27 
27 27 27 27 27 27 27 27 
27 27 27 27 27 27 27 27 
27 27 27 27 27 27 27 27 
27 27 27 27 27 27 27 27 
27 27 27 27 27 27 27 27 
27 27 27 27 27 27 27 27 
27 27 27 27 27 27 27 27 
27 27 27 27 27 27 27 27 
27 27 27 27 27 27 27 27 
27 27 27 27 27 27 27 27 
27 27 27 27 27 27 27 27 
27 27 27 27 27 27 27 27 
27 27 27 27 27 27 27 27 
27 27 27 27 27 27 27 27 
27 27 27 27 27 27 27 27 
27 27 27 27 27 27 27 27 
27 27 27 27 27 27 27 27 
27 27 27 27 27 27 27 27 
27 27 27 27 27 27 27 27 
27 27 27 27 27 27 27 27 
27 27 27 27 27 27 27 27 
27 27 27 27 27 27 27 27 
27 27 27 27 27 27 27 27 
27 27 27 27 27 27 27 27 
27 27 27 27 27 27 27 27 
27 27 27 27 27 27 27 27 
27 27 27 27 27 27 27 27 
27 27 27 27 27 27 27 27 
27 27 27 27 27 27 27 27 
27 27 27 27 27 27 27 27 
27 27 27 27 27 27 27 27 
27 27 27 27 27 27 27 27 
27 27 27 27 27 27 27 27 
27 27 27 27 27 27 27 27 
27 27 27 27 27 27 27 27 
27 27 27 27 27 27 27 27 
27 27 27 27 27 27 27 27 
27 27 27 27 27 27 27 27 
27 27 27 27 27 27 27 27 
27 27 27 27 27 27 27 27 
27 27 27 27 27 27 27 27 
27 27 27 27 27 27 27 27 
27 27 27 27 27 27 27 27 
27 27 27 27 27 27 27 27 
27 27 27 27 27 27 27 27 
27 27 27 27 27 27 27 27 
27 27 27 27 27 27 27 27 
27 27 27 27 27 27 27 27 
27 27 27 27 27 27 27 27 
27 27 27 27 27 27 27 27 
27 27 27 27 27 27 27 27 
27 27 27 27 27 27 27 27 
27 27 27 27 27 27 27 27 
27 27 27 27 27 27 27 27 
27 27 27 27 27 27 27 27 
27 27 27 27 27 27 27 27 
27 27 27 27 27 27 27 27 
27 27 27 27 27 27 27 27 
27 27 27 27 27 27 27 27 
27 27 27 27 27 27 27 27 
27 27 27 27 27 27 27 27 
27 27 27 27 27 27 27 27 
27 27 27 27 27 27 27 27 
27 27 27 27 27 27 27 27 
27 27 27 27 27 27 27 27 
27 27 27 27 27 27 27 27 
27 27 27 27 27 27 27 27 
27 27 27 27 27 27 27 27 
27 27 27 27 27 27 27 27 
27 27 27 27 27 27 27 27 
27 27 27 27 27 27 27 27 
27 27 27 27 27 27 27 27 
27 27 27 27 27 27 27 27 
27 27 27 27 27 27 27 27 
27 27 27 27 27 27 27 27 
27 27 27 27 27 27 27 27 
27 27 27 27 27 27 27 27 
27 27 27 27 27 27 27 27 
27 27 27 27 27 27 27 27 
27 27 27 27 27 27 27 27 
27 27 27 27 27 27 27 27 
27 27 27 27 27 27 27 27 
27 27 27 27 27 27 27 27 
27 27 27 27 27 27 27 27 
27 27 27 27 27 27 27 27 
27 27 27 27 27 27 27 27 
27 27 27 27 27 27 27 27 
27 27 27 27 27 27 27 27 
27 27 27 27 27 27 27 27 
27 27 27 27 27 27 26 26 
27 27 27 27 27 26 26 26 
27 27 27 27 27 26 26 26 
27 27 27 27 26 26 26 26 
27 27 27 26 26 26 26 26 
27 27 27 26 26 26 26 26 
27 27 26 26 26 26 26 26 
27 27 26 26 26 26 26 26 
27 27 27 27 27 26 26 26 
27 27 27 27 27 26 26 26 
27 27 27 27 26 26 26 26 
26 27 27 26 26 26 26 26 
27 27 26 26 26 26 26 26 
27 27 26 26 26 26 26 26 
27 27 26 26 26 26 26 26 
27 26 26 26 26 26 26 26 
26 26 26 26 26 26 26 26 
26 26 26 26 26 26 26 26 
26 26 26 26 26 26 26 26 
26 26 26 26 26 26 26 26 
26 26 26 26 26 26 26 26 
26 26 26 26 26 26 26 26 
26 26 26 26 26 26 26 26 
26 26 26 26 26 26 26 26 
27 27 27 27 27 27 27 27 
27 27 27 27 27 27 27 27 
27 27 27 27 27 27 27 27 
27 27 27 27 27 27 27 27 
27 27 27 27 27 27 27 27 
27 27 27 27 27 27 27 27 
27 27 27 27 27 27 27 27 
27 27 27 27 27 27 27 27 
27 27 27 27 27 27 27 27 
27 27 27 27 27 27 27 27 
27 27 27 27 27 27 27 27 
27 27 27 27 27 27 27 27 
27 27 27 27 27 27 27 27 
27 27 27 27 27 27 27 27 
27 27 27 27 27 27 27 27 
27 27 27 27 27 27 27 27 
27 27 27 27 27 27 27 27 
27 27 27 27 27 27 27 27 
27 27 27 27 27 27 27 27 
27 27 27 27 27 27 27 27 
27 27 27 27 27 27 27 27 
27 27 27 27 27 27 27 27 
27 27 27 27 27 27 27 27 
27 27 27 27 27 27 27 27 
27 27 27 27 27 27 27 27 
27 27 27 27 27 27 27 27 
27 27 27 27 27 27 27 27 
27 27 27 27 27 27 27 27 
27 27 27 27 27 27 27 27 
27 27 27 27 27 27 27 27 
27 27 27 27 27 27 27 27 
27 27 27 27 27 27 27 27 
